20 71
5 6
9 52
22 89
10 47
2 85
13 8
5 62
33 69
14 98
9 53
35 13
20 23
18 39
36 73
32 19
31 33
4 13
5 6
12 90
9 65
21 81
18 26
40 17
5 52
27 58
4 93
17 1
25 9
29 50
20 26
4 52
20 85
11 78
3 29
32 49
17 56
40 19
24 47
7 100
30 31
35 37
35 47
22 29
4 55
6 28
9 58
6 45
11 31
9 9
1 53
14 52
2 51
7 76
6 36
2 16
5 54
6 18
10 42
11 74
10 72
4 8
11 74
10 34
4 20
12 62
23 5
3 38
2 17
1 39
3 27
1 62
2 44
1 60
2 18
1 91
3 42
3 30
2 12
2 47
3 60
3 70
1 24
1 81
2 18
3 75
1 56
1 70
1 76
2 29
24 76
12 16
20 81
20 32
7 62
7 55
12 88
29 83
32 86
15 38
35 67
31 4
25 97
33 15
32 25
24 64
4 82
21 63
1 88
21 47
34 13
2 29
23 45
5 48
11 60
25 13
5 4
5 86
6 99
4 30
7 66
4 25
3 20
1 7
6 24
3 84
2 92
7 27
6 98
4 66
1 69
5 55
7 50
7 51
3 91
6 18
4 25
1 13
3 73
5 45
4 63
26 11
5 72
4 37
3 92
5 71
1 50
1 44
2 4
1 67
5 87
2 81
1 46
5 16
3 11
3 94
5 57
1 94
3 99
2 79
4 86
2 76
1 46
2 11
2 58
2 67
1 27
4 75
27 84
27 42
4 76
27 46
41 86
28 9
29 15
37 34
6 33
35 41
29 43
37 54
4 9
28 48
38 62
27 36
5 51
39 44
24 38
5 82
25 1
16 29
9 18
17 67
7 51
7 69
24 61
38 10
28 57
13 77
6 70
28 93
20 27
19 2
18 56
8 82
14 21
17 64
18 76
13 66
7 2
7 11
16 49
8 30
9 90
28 4
4 41
1 96
22 18
17 18
25 29
21 74
6 39
6 93
19 65
13 3
3 24
29 78
26 52
26 61
9 15
36 16
27 23
1 62
26 18
18 48
9 11
23 15
17 48
10 1
35 63
2 91
17 42
33 17
31 21
34 49
6 31
29 69
31 56
6 32
26 21
25 97
31 42
14 9
1 57
15 19
8 60
